1620593508.291754 278
1620593570.3994448 278
1620593754.9865086 232
1620593755.3386264 232
1620593755.6183062 231
1620593755.6702955 231
1620593755.701589 231
1620593756.7264116 228
1620593766.776208 231
1620593766.9213302 232
1620593767.0250552 231
1620593767.0667038 231
1620593767.129038 231
1620593767.1499865 231
1620593767.46069 231
1620593767.605808 231
1620593767.6578014 231
1620593767.73049 231
1620593767.7721245 231
1620593767.834478 231
1620593767.9485767 231
1620593767.979871 232
1620593768.0111778 231
1620593768.0838516 231
1620593768.1565342 231
1620593768.1878316 231
1620593768.2088015 231
1620593768.3539433 231
1620593768.395562 231
1620593768.5096476 231
1620593768.5409355 231
1620593768.5825853 232
1620593768.6242306 231
1620593768.6658676 231
1620593768.7385714 231
1620593768.831957 231
1620593768.8735929 232
1620593768.966982 231
1620593769.0086262 231
1620593769.0421443 231
1620593769.1022563 232
1620593769.1749415 231
1620593769.247639 231
1620593769.3099837 231
1620593769.4137285 231
1620593769.476074 231
1620593769.5591104 231
1620593769.5904026 231
1620593769.632047 231
1620593769.6943996 231
1620593769.777437 231
1620593769.79839 231
1620593769.881431 231
1620593769.9127226 231
1620593769.9440413 232
1620593770.0374138 231
1620593770.1101067 233
1620593770.13106 231
1620593770.1623578 231
1620593770.193688 231
1620593770.2353086 231
1620593770.2666001 231
1620593770.3599958 231
1620593770.3912957 231
1620593770.4329364 231
1620593770.5470273 231
1620593770.5783317 232
1620593770.6820621 231
1620593770.9410484 232
1620593771.1068828 231
1620593771.2313218 231
1620593771.593787 232
1620593818.851091 266
1620593880.960458 275
1620593943.0700674 272
1620594005.1798155 267
1620594067.2896273 269
1620594129.3995175 273
1620594191.5094879 270
1620594253.6195424 263
1620594315.7296593 270
1620594377.839807 272
1620594439.950069 270
1620594502.0603058 268
1620594564.1705625 271
1620594626.2808313 269
1620594688.3916972 270
1620594750.5020041 270
1620594812.6123362 275
1620594874.8232677 278
1620594937.072399 277
1620594999.2047338 295
1620595061.2882302 271
1620595123.4063234 277
1620595185.5125818 278
1620595247.6297524 279
1620595309.7509596 281
1620595371.8736947 281
1620595433.954735 281
1620595496.0576046 278
1620595558.1690545 279
1620595620.2837212 279
1620595682.4755487 276
1620595744.635861 276
1620595806.7773817 276
1620595868.9118662 279
1620595931.0480971 278
1620595993.1835365 279
1620596055.3173356 277
1620596117.4501123 277
1620596179.5875309 278
1620596241.7140834 276
1620596303.8456647 275
1620596365.9771085 277
1620596428.1084359 273
1620596489.890944 274
1620596551.9737148 276
1620596614.089528 276
1620596676.2022688 275
1620596738.303774 278
1620596800.4248948 278
1620596862.538135 278
1620596924.6449168 276
1620596986.7492807 279
1620597048.8624973 279
1620597111.0148382 276
1620597173.141873 277
1620597235.2594128 277
1620597297.3732176 278
1620597359.4668417 274
1620597421.5665166 276
1620597483.669929 278
1620597545.7756531 277
1620597607.8827913 277
1620597669.9907978 278
1620597732.0993192 275
1620597794.208165 274
1620597856.3357973 275
1620597918.4619696 277
1620597980.582871 276
1620598042.700543 277
1620598104.8162234 276
1620598166.930701 278
1620598229.0444083 277
1620598291.157652 276
1620598353.2706146 274
1620598415.3834102 277
1620598477.4960814 275
1620598539.6087062 277
1620598601.7289743 276
1620598663.8573804 277
1620598725.9806368 275
1620598788.1007288 273
1620598850.2188542 275
1620598912.3357637 275
1620598974.4519415 275
1620599036.5676608 275
1620599098.6831136 273
1620599160.8178315 273
1620599222.9566493 270
1620599285.08786 273
1620599347.2143953 270
1620599409.3380349 271
1620599471.459931 272
1620599533.580752 273
1620599595.7008958 270
1620599657.7652488 268
1620599719.791268 269
1620599781.8628507 270
1620599843.9515886 270
1620599906.0602946 271
1620599968.1948204 269
1620600030.3115468 268
1620600092.4215667 268
1620600154.5347028 266
1620600216.6761847 269
1620600278.7994566 267
1620600340.9158566 265
1620600403.0296519 270
1620600465.1352384 269
1620600527.2428632 269
1620600589.3519292 270
1620600651.46184 255
1620600713.572253 270
1620600775.6829977 268
1620600837.793988 268
1620600899.9051208 267
1620600962.0087752 265
1620601024.111319 268
1620601086.215462 270
1620601148.3209004 269
1620601210.4273293 268
1620601272.5345569 270
1620601334.6423998 269
1620601396.7507226 267
1620601458.8594463 270
1620601520.968447 271
1620601583.0776706 271
1620601645.1870599 270
1620601707.2966075 267
1620601769.4062788 267
1620601831.5160255 267
1620601893.6258307 267
1620601955.741708 267
1620602017.8737576 269
1620602080.0016713 268
1620602142.1263452 268
1620602204.24846 268
1620602266.3685849 266
1620602328.4871414 267
1620602390.604508 265
1620602452.720895 266
1620602514.8365257 267
1620602576.951568 269
1620602639.0661395 289
1620602701.1803374 295
1620602763.2942681 312
1620602825.4079921 323
1620602887.5215304 323
1620602949.6349323 324
1620603011.751484 326
1620603073.8686533 330
1620603135.9853837 348
1620603198.1017282 359
1620603260.217757 378
1620603322.333482 369
1620603384.4489331 367
1620603446.5641172 366
1620603508.6790845 367
1620603570.793883 361
1620603632.908519 356
1620603695.0229967 365
1620603757.1373663 370
1620603819.2516332 369
1620603881.3658283 367
1620603943.479915 365
1620604005.5939417 362
1620604067.707887 354
1620604129.8217337 341
1620604191.9354904 348
1620604254.0492094 351
1620604316.1628902 352
1620604378.2765555 353
1620604440.3901737 349
1620604502.503781 346
1620604564.617368 340
1620604626.730937 335
1620604688.8444712 330
1620604750.958009 331
1620604813.0715256 331
1620604875.185032 328
1620604937.2985141 323
1620604999.4119887 324
1620605061.5151699 322
1620605123.6163495 322
1620605185.7186627 322
1620605247.8219905 324
1620605309.9262133 320
1620605372.0312526 321
1620605434.136981 320
1620605496.2433357 320
1620605558.3502388 318
1620605620.457638 311
1620605682.565473 314
1620605744.6736808 317
1620605806.7822216 318
1620605868.8910477 317
1620605931.000145 318
1620605993.1094663 317
1620606055.2189975 320
1620606117.3287218 319
1620606179.4386454 320
1620606241.5486898 321
1620606303.6588604 321
1620606365.7691684 319
1620606427.8795652 318
1620606489.9900599 318
1620606552.1006474 318
1620606614.2113082 319
1620606676.3220365 317
1620606738.4328141 321
1620606800.5436387 317
1620606862.654517 312
1620606924.7654197 332
1620606986.8763633 338
1620607048.987339 334
1620607111.0983634 332
1620607173.2115896 336
1620607235.3315315 331
1620607297.45066 331
1620607359.5690465 337
1620607421.6867797 332
1620607483.8039522 333
1620607545.9206152 327
1620607608.0368328 326
1620607670.1526575 320
1620607732.26813 321
1620607794.3832965 321
1620607856.4981952 320
1620607918.612817 321
1620607980.727231 322
1620608042.8414602 322
1620608104.9555857 319
1620608167.069452 312
1620608229.1832316 308
1620608291.296902 299
1620608353.410487 298
1620608415.5239434 301
1620608477.637307 301
1620608539.7506146 295
1620608601.8638682 295
1620608663.977069 296
1620608726.090209 301
1620608788.2033236 299
1620608850.3164265 296
1620608912.4294815 296
1620608974.5425093 297
1620609036.655521 297
1620609098.7685199 297
1620609160.8814776 294
1620609222.9944692 296
1620609285.1074893 297
1620609347.2205257 295
1620609409.333517 295
1620609471.446525 302
1620609533.5595036 301
1620609595.6724772 302
1620609657.7854252 302
1620609719.8983943 300
1620609782.0113535 301
1620609844.1243124 302
1620609906.237291 300
1620609968.350254 300
1620610030.4632154 297
1620610092.5761561 297
1620610154.6891158 298
1620610216.8020575 295
1620610278.915007 293
1620610341.027953 297
1620610403.140883 298
1620610465.253804 278
1620610527.3666763 293
1620610589.4795482 291
1620610651.5924168 289
1620610713.7052796 287
1620610775.8181603 285
1620610837.9310575 274
1620610900.0439432 276
1620610962.1568906 275
1620611024.2698212 276
1620611583.2333674 275
1620611645.3424222 277
1620611707.4491575 267
1620611769.5568893 265
1620611831.6654973 268
1620611893.7745802 270
1620613445.035851 246
1620613507.149554 248
1620613569.2597246 258
1620613631.3711755 262
1620613693.4826548 266
1620613755.5942621 270
1620613817.7061188 267
1620613879.8182552 269
1620613941.9307659 275
1620614004.0436792 274
1620614066.1564045 274
1620614128.2690337 269
1620614190.3814368 274
1620614252.49387 269
1620614314.6062877 269
1620614376.718691 273
1620614438.830932 274
1620614500.9426923 276
1620614563.0545518 278
1620614625.166507 280
1620614687.2785518 281
1620614749.390669 282
1620614811.5028543 280
1620614873.6150835 281
1620614935.7273011 278
1620614997.839534 280
1620615059.9517395 279
1620615122.0640051 281
1620615184.1762583 281
1620615246.2884524 277
1620615308.4006007 274
1620615370.5127287 281
1620615432.624875 274
1620615494.7368746 278
1620615556.8483899 282
1620615618.9599438 283
1620615681.0714967 283
1620615743.183064 269
1620615805.2946627 278
1620615867.4063122 278
1620615929.517951 277
1620615991.629597 277
1620616053.7412453 278
1620616115.852897 281
1620616177.964565 283
1620616240.076255 284
1620616302.1879442 283
1620616364.2996728 280
1620616426.4114273 283
1620616488.5231826 282
1620616550.6349702 283
1620616612.7467573 284
1620616674.8585367 287
1620616736.9703257 289
1620616799.0821226 284
1620616861.1939094 288
1620616923.3056815 287
1620616985.4174309 288
1620617047.5291727 288
1620617109.6409066 291
1620617171.7526278 292
1620617233.8643486 292
1620617295.9760761 292
1620617358.087807 292
1620617420.199548 290
1620617482.3112948 292
1620617544.4230645 290
1620617606.5348094 290
1620617668.6465552 290
1620625121.9635167 311
1620625184.0744822 307
1620625246.1853998 305
1620625308.296294 306
1620625370.4071891 307
1620625432.518087 306
1620625494.6289854 306
1620625556.7399015 303
1620625618.8508432 303
1620625680.961787 304
1620625743.073021 307
1620625805.1846433 305
1620625867.2962086 307
1620625929.4077466 307
1620625991.5192451 306
1620626053.6307187 303
1620626115.7421565 309
1620626177.8535836 305
1620626239.9649801 304
1620626302.0763726 307
1620626364.1877491 305
1620626426.2991166 305
1620626488.41048 306
1620626550.5218215 306
1620626612.633157 304
1620626674.7445095 305
1620626736.8558385 306
1620626798.9671566 307
1620626861.078465 305
1620626923.1897726 306
1620626985.3010616 305
1620627047.4123533 309
1620627109.5236368 308
1620627171.6349037 308
1620627233.7462063 307
1620627295.857515 308
1620627357.9688287 306
1620627420.0801556 305
1620627482.1914747 308
1620627544.3028007 309
1620627606.4141316 309
1620627668.5254834 307
1620627730.6367862 308
1620627792.7481613 304
1620627854.8595786 310
1620627916.970947 309
1620627979.082264 310
1620628041.1935182 309
1620628103.304724 310
1620628165.4159093 309
1620628227.5270526 309
1620665679.7496278 376
1620665741.8601398 396
1620665803.9706936 413
1620665866.08118 393
1620665928.1917684 368
1620665990.3023405 370
1620666052.4129233 366
1620666114.523504 366
1620666176.6340723 364
1620666238.7446473 359
1620666300.8551843 349
1620666362.965695 353
1620666425.076226 355
1620666487.1867592 353
1620666549.297288 354
1620666611.4078004 352
1620666673.518326 348
1620666735.6288533 346
1620666797.7393937 345
1620666859.8499424 347
1620666921.9605024 346
1620666984.07123 349
1620667046.1821532 348
1620667108.2930374 344
1620667170.4039073 344
1620667232.5147471 342
1620667294.6255934 341
1620667356.7364235 344
1620667418.847243 346
1620667480.958065 343
1620667543.0688627 344
1620667605.1796875 346
1620667667.290515 344
1620667729.4013422 347
1620667791.5121746 346
1620667853.6230338 346
1620667915.7339141 345
1620667977.8447921 346
1620668039.955673 345
1620668102.0665536 348
1620668164.1774216 347
1620668226.2883117 347
1620668288.3992436 346
1620668350.510216 346
1620668412.6211796 346
1620668474.7321517 345
1620668536.8431385 343
1620668598.9541788 344
1620668661.0652041 341
1620668723.1762621 342
1620668785.287349 345
1620668847.3984323 346
1620668909.5095341 341
1620668971.6206367 339
1620669033.7316017 341
1620669095.842435 337
1620669157.9532788 338
1620669220.0641365 340
1620669282.1749845 340
1620669344.285886 340
1620669406.396944 341
1620669468.5078514 339
1620669530.6188493 343
1620669592.7298467 342
1620669654.8408527 341
1620669716.9518752 340
1620669779.0629346 338
1620669841.1740165 336
1620669903.2851017 343
1620669965.3961823 340
1620670027.5072663 342
1620670089.6183572 341
1620670151.7294574 340
1620670213.8405716 342
1620670275.9516814 341
1620670338.0628016 339
1620670400.1739266 340
1620670462.285046 341
1620670524.396169 342
1620670586.5072777 342
1620670648.6184053 343
1620670710.7295372 342
1620670772.8407266 343
1620670834.9518993 340
1620670897.063041 341
1620670959.1742237 339
1620671021.2854388 341
1620671083.3970132 341
1620671145.5089703 340
1620671207.6208901 343
1620671269.7328005 342
1620671331.8446834 336
1620671393.9564826 336
1620671456.0682821 339
1620671518.1800206 336
1620671580.2917042 338
1620671642.4033546 339
1620671704.5149848 338
1620671766.6266186 338
1620671828.738242 336
1620671890.8498547 338
1620671952.9614506 338
1620672015.0730438 339
1620672077.1846464 339
1620672139.2962549 338
1620672201.4078531 339
1620672263.5194962 340
1620672325.6311805 334
1620672387.7428706 332
1620699903.3571818 281
1620699965.4671688 272
1620700022.1329565 232
1620700022.3608828 231
1620700022.4128685 231
1620700022.6821792 231
1620700022.8687236 231
1620700023.0655737 231
1620700027.578326 223
1620700050.648343 231
1620700050.7417185 231
1620700050.7730222 232
1620700050.8767567 231
1620700050.9494305 231
1620700051.0014243 231
1620700051.146545 231
1620700051.2399774 231
1620700051.2608712 231
1620700051.3232157 231
1620700051.3648715 231
1620700051.3961587 231
1620700051.520583 233
1620700051.5518732 232
1620700063.050784 235
1620700063.1752157 233
1620700063.4962947 234
1620700063.931217 234
1620700064.0763433 232
1620700064.0972912 236
1620700064.1389327 231
1620700064.4289377 233
1620700064.7085898 234
1620700064.791625 231
1620700064.9677892 234
1620700065.0094283 232
1620700065.0510716 232
1620700065.2272432 231
1620700065.2999341 233
1620700065.4036908 232
1620700065.465992 231
1620700065.5283313 231
1620700065.5492723 232
1620700065.5909219 231
1620700065.6739695 233
1620700065.715622 232
1620700065.7986443 232
1620700065.8195896 233
1620700065.8405395 231
1620700065.9442806 232
1620700066.0066042 232
1620700066.0482454 231
1620700066.079538 233
1620700066.1108403 232
1620700066.1835208 234
1620700066.2148178 231
1620700066.2461162 231
1620700066.287759 231
1620700066.3811436 233
1620700066.526255 231
1620700066.5575469 231
1620700066.6405976 231
1620700066.6822474 231
1620700066.703196 231
1620700066.7758746 232
1620700066.858912 231
1620700066.9108963 231
1620700067.0042825 231
1620700067.0252323 231
1620700067.0668864 231
1620700067.0981767 231
1620700067.191565 232
1620700067.2435546 232
1620700067.2955523 232
1620700067.316497 232
1620700067.3374448 232
1620700067.379084 232
1620700067.400028 231
1620700067.4209836 231
1620700067.4729695 232
1620700067.5042605 235
1620700067.535555 234
1620700067.5875485 232
1620700067.6705935 231
1620700067.6915348 233
1620700067.7124805 232
1620700067.7644687 231
1620700067.837161 233
1620700067.868463 231
1620700067.9204657 231
1620700067.9621046 231
1620700068.014125 232
1620700068.055744 232
1620700068.0766895 232
1620700068.170088 232
1620700068.201375 232
1620700068.294754 231
1620700068.3364022 233
1620700068.3573427 232
1620700068.3989913 235
1620700068.461331 231
1620700068.5340192 231
1620700068.5756593 231
1620700068.6380038 231
1620700068.6900046 232
1620700068.7523413 231
1620700068.78364 231
1620700068.8356302 231
1620700068.960059 233
1620700068.991355 232
1620700069.1571746 231
1620700069.3643894 231
1620700069.3956974 232
1620700069.4373481 231
1620700069.4686399 231
1620700069.499934 233
1620700069.6760964 232
1620700069.7073903 231
1620700069.7904315 232
1620700069.811376 234
1620700069.9151073 233
1620700069.9464085 233
1620700070.1122441 232
1620700070.1496005 232
1620700070.3507507 231
1620700070.4130871 231
1620700070.5478659 234
1620700070.5688076 232
1620700070.6208107 234
1620700070.6624532 231
1620700070.8283136 231
1620700071.1907315 232
1620700071.2323725 234
1620700071.3361075 232
1620700071.3984458 231
1620700071.7091985 233
1620700071.7404861 232
1620700071.7717812 232
1620700071.8237681 231
1620700071.8447077 231
1620700071.9277537 231
1620700072.09358 232
1620700072.1248674 232
1620700072.2079175 233
1620700072.2392223 233
1620700072.260199 232
1620700072.374256 232
1620700072.7263494 232
1620700072.7472925 231
1620700072.9131172 233
1620700072.9444005 232
1620700073.0998714 232
1620700073.1415079 231
1620700073.3309073 232
1620700073.4731681 231
1620700073.5355191 231
1620700073.6185956 231
1620700073.877548 231
1620700073.9191923 231
1620700073.9711835 232
1620700073.992121 234
1620700074.0441263 232
1620700074.075413 233
1620700074.1170626 231
1620700074.2518518 231
1620700074.272792 231
1620700074.3040962 232
1620700074.3560815 231
1620700074.511565 234
1620700074.5531995 231
1620700074.5948489 231
1620700074.6261592 234
1620700074.6677964 232
1620700074.7508373 232
1620700074.7924805 232
1620700074.8444734 232
1620700074.865416 233
1620700074.938138 231
1620700075.0418756 232
1620700075.135257 231
1620700075.2286415 233
1620700075.3116822 231
1620700075.3429873 231
1620700075.384629 233
1620700075.509063 233
1620700075.6645527 234
1620700075.6854916 231
1620700075.7478333 231
1620700075.779122 232
1620700075.8207624 232
1620700075.8417134 232
1620700075.9247375 231
1620700076.090565 233
1620700076.1425595 235
1620700076.1945586 233
1620700076.2775903 231
1620700076.308888 233
1620700076.3608737 231
1620700076.392172 231
1620700076.4442062 232
1620700076.6099768 231
1620700076.63092 232
1620700076.6622174 231
1620700076.6831756 232
1620700076.7248101 232
1620700076.8078585 231
1620700076.8391383 231
1620700076.9532232 233
1620700077.0155497 231
1620700077.057191 232
1620700077.0988297 231
1620700077.1404886 233
1620700077.1717777 232
1620700077.2341292 232
1620700077.296454 231
1620700077.3174086 234
1620700077.3797398 231
1620700077.4731195 231
1620700077.5044148 232
1620700077.566757 231
1620700077.6290917 231
1620700077.6500459 231
1620700077.7020352 231
1620700077.7436726 231
1620700077.7749765 232
1620700077.8580103 234
1620700077.9099958 231
1620700077.9619908 231
1620700078.0553737 233
1620700078.076316 231
1620700078.1593566 231
1620700078.2941432 231
1620700078.356473 232
1620700078.439505 232
1620700078.5639305 231
1620700078.6055696 231
1620700078.7196681 231
1620700078.7509534 231
1620700078.792601 231
1620700078.813593 232
1620700078.958672 231
1620700079.0313587 231
1620700079.083361 234
1620700079.1353495 231
1620700079.2080278 232
1620700079.2289712 231
1620700079.3741186 231
1620700079.4054098 231
1620700079.5298414 231
1620700079.6646152 231
1620700079.8200855 231
1620700079.9238143 232
1620700080.2966166 231
1620700080.3175666 231
1620700080.4937308 232
1620700080.5664232 232
1620700080.701192 231
1620700080.7324836 231
1620700080.8983014 231
1620700081.0227237 232
1620700081.157497 231
1620700081.3026242 231
1620700081.778929 231
1620700082.0068483 231
1620700082.379666 231
1620700082.6903923 231
1620700082.7439735 233
1620700083.2186875 231
1620700084.502291 231
1620700089.7498965 223
1620700092.9275053 231
1620700093.1140172 232
1620700093.3833373 231
1620700095.2775917 231
1620700096.6854086 231
1620700136.7808177 231
1620700137.1329396 231
1620700137.474711 232
1620700137.7129815 231
1620700137.8477619 232
1620700137.9825323 231
1620700138.0862787 232
1620700138.1281884 231
1620700138.1695511 231
1620700138.2422354 232
1620700138.3671079 231
1620700138.4910874 231
1620700138.574127 234
1620700138.59506 232
1620700138.6367002 233
1620700138.6576464 231
1620700138.6992931 232
1620700138.7202363 232
1620700138.79292 232
1620700138.813892 237
1620700138.9382942 232
1620700138.9592328 231
1620700138.980178 232
1620700139.0425303 231
1620700139.2395258 234
1620700139.2603562 231
1620700139.3640912 231
1620700139.3850346 234
1620700139.4991112 232
1620700139.5718026 236
1620700139.6858976 232
1620700140.2552893 235
1620700151.868061 251
1620700173.395967 232
1620700173.9240394 232
1620700174.0277927 232
1620700174.1536832 232
1620700174.235252 231
1620700174.3079484 234
1620700174.4116933 236
1620700174.650066 235
1620700174.6812513 232
1620700175.0126646 231
1620700175.043955 234
1620700175.1974957 233
1620700175.3652947 233
1620700175.3965962 232
1620700175.448584 232
1620700175.645448 233
1620700175.6663916 231
1620700175.7908227 234
1620700175.8635085 232
1620700175.987933 233
1620700176.112363 234
1620700176.1539967 232
1620700176.1956446 232
1620700176.2683516 231
1620700176.3203425 233
1620700176.4033854 232
1620700176.6209507 231
1620700176.6729443 234
1620700176.755986 232
1620700176.9114614 232
1620700176.9531407 234
1620700177.067211 234
1620700177.1502407 233
1620700177.2022305 231
1620700177.264571 231
1620700177.314246 231
1620700177.3685513 231
1620700177.4929938 231
1620700177.6070766 231
1620700177.6280396 232
1620700177.742113 232
1620700177.7941074 231
1620700177.815051 234
1620700177.908433 231
1620700177.9293778 232
1620700178.0434618 232
1620700178.0747619 232
1620700178.1164086 232
1620700178.1890926 232
1620700178.3031733 233
1620700178.3241231 233
1620700178.3968086 231
1620700178.4384456 231
1620700178.4697351 232
1620700178.4906852 233
1620700178.5426695 231
1620700178.5739794 232
1620700178.615611 231
1620700178.657253 231
1620700178.698899 233
1620700178.7301917 231
1620700178.7718332 231
1620700178.813489 234
1620700178.8344378 231
1620700178.8657331 232
1620700178.93842 231
1620700178.9697094 232
1620700179.0320437 231
1620700179.1668243 231
1620700179.1877654 232
1620700179.2294118 231
1620700179.2710578 232
1620700179.292 231
1620700179.3646948 231
1620700179.416695 231
1620700179.4583538 231
1620700179.5206892 231
1620700179.583029 232
1620700179.7591891 232
1620700179.790483 232
1620700179.8528283 231
1620700179.9462197 231
1620700179.9671583 232
1620700180.0088003 233
1620700180.09184 231
1620700180.133487 232
1620700180.1958313 231
1620700180.2271318 231
1620700180.2480738 231
1620700180.362161 231
1620700180.3831003 231
1620700180.435961 231
1620700180.4767487 232
1620700180.5494301 231
1620700180.7049084 232
1620700180.9542239 231
1620700180.9744585 231
1620700192.2870004 232
1620700192.545968 231
1620700192.5876112 232
1620700192.8465662 231
1620700193.0641408 232
1620700193.1368208 231
1620700193.1784647 232
1620700193.230486 232
1620700193.2514007 231
1620700193.3344316 231
1620700193.3864226 231
1620700193.4487607 232
1620700193.6456213 231
1620700193.7079532 231
1620700193.7806408 232
1620700193.8119376 231
1620700193.9156766 231
1620700193.957324 231
1620700194.019653 231
1620700194.0716524 233
1620700194.1753848 232
1620700194.279108 232
1620700194.3103988 231
1620700194.3520446 231
1620700194.3729985 232
1620700194.4249856 231
1620700194.4666328 231
1620700194.4875784 231
1620700194.5809593 231
1620700194.6329439 231
1620700194.6745827 231
1620700194.7162387 231
1620700194.747524 232
1620700194.778824 232
1620700194.8101158 231
1620700194.89315 232
1620700195.0382686 231
1620700195.110952 231
1620700195.1422527 231
1620700195.1631894 232
1620700195.1944788 232
1620700195.2154207 231
1620700195.2881093 232
1620700195.3504436 232
1620700195.392084 231
1620700195.4233775 231
1620700195.4650216 232
1620700195.48597 231
1620700195.5897124 231
1620700195.621013 232
1620700195.641962 231
1620700195.6836076 232
1620700195.7045517 231
1620700195.7462032 231
1620700195.7774966 231
1620700195.8501897 231
1620700195.92287 232
1620700196.0059042 231
1620700196.0578933 232
1620700196.0995238 231
1620700196.1618836 233
1620700196.1828294 231
1620700196.203776 231
1620700196.2764692 231
1620700196.3595476 235
1620700196.4115043 232
1620700196.4427974 231
1620700196.546535 232
1620700196.6088762 231
1620700196.6919155 231
1620700196.754261 231
1620706363.1032298 332
1620706425.2142055 329
1620706487.3251932 330
1620706549.436205 329
1620706611.547247 335
1620706673.6582954 331
1620706735.769357 333
1620706797.8804414 331
1620706859.9915235 333
1620706922.1026056 333
1620706984.2142718 335
1620707046.3259938 335
1620707108.437674 334
1620707170.5492783 333
1620707232.6608486 335
1620707294.7723713 337
1620707356.8838632 336
1620707418.995296 335
1620707481.1067166 333
1620707543.218111 334
1620707605.3294785 335
1620707667.44082 334
1620707729.5521455 335
1620707791.6634705 334
1620707853.7747924 332
1620707915.8860815 329
1620707977.9973223 333
1620708040.108558 332
1620708102.2198083 336
1620708164.3310175 336
1620708226.4422321 335
1620708288.5534453 335
1620708350.6646643 337
1620708412.7758577 336
1620708474.8870122 335
1620708536.9981778 334
1620708599.1093445 336
1620708661.2205007 334
1620708723.3316414 336
1620708785.442772 335
1620708847.5539427 336
1620708909.665004 335
1620708971.7760751 336
1620709033.8875983 334
1620709095.9991052 336
1620709158.1105633 338
1620709220.2219694 335
1620709282.3333604 335
1620709344.444714 335
1620709406.5560348 336
1620709468.667324 336
1620709530.7786138 334
1620709592.8898995 335
1620709655.0011668 335
1620709717.1124082 334
1620709779.2236354 337
1620709841.3348944 337
1620709903.446136 337
1620709965.557367 340
1620710027.6686223 341
1620710089.779852 340
1620710151.8910933 340
1620710214.002358 340
1620710276.113639 341
1620710338.224921 342
1620710400.3361917 340
1620710462.4474547 341
1620710524.558728 340
1620710586.669982 340
1620710648.781289 342
1620710710.892598 338
1620710773.0039299 341
1620710835.1152525 338
1620710897.2265465 341
1620710959.3378277 342
1620711021.4491322 337
1620711083.559754 342
1620711145.6703713 340
1620711207.7810183 342
1620711269.891725 344
1620711332.002487 341
1620711394.1133003 340
1620711456.224118 340
1620711518.3349614 340
1620711580.4458406 338
1620711642.556761 338
1620711704.6676788 340
1620711766.7786305 340
1620711828.889625 339
1620711891.0006366 340
1620711953.111639 336
1620712015.2226562 336
1620712077.3336685 340
1620712139.444711 337
1620712201.5557468 337
1620712263.6668046 335
1620712325.7778606 336
1620712387.8889444 341
1620712450.0000222 339
1620712512.1111016 341
1620712574.2221932 338
1620712636.333311 340
1620712698.4444025 338
1620712760.5555253 336
1620712822.6666543 335
1620712884.7777944 342
1620712946.8889256 341
1620713009.000058 344
1620713071.1112063 339
1620713133.224003 337
1620713195.33676 334
1620713257.4493608 338
1620713319.5617816 340
1620713381.6741154 339
1620713443.7863345 341
1620713505.8984475 343
1620713568.0104792 343
1620713630.122461 345
1620713692.234362 342
1620713754.3461776 341
1620713816.457934 338
1620713878.5696301 342
1620713940.6812882 339
1620714002.7929022 340
1620714064.904475 338
1620714127.0160131 335
1620714189.1275072 337
1620714251.2389781 342
1620714313.350416 341
1620714375.4618313 342
1620714437.5732205 344
1620714499.6845675 344
1620714561.7959208 340
1620714623.9072573 342
1620714686.01858 345
1620714748.129896 345
1620714810.2411954 342
1620714872.3525014 341
1620714934.4637854 343
1620714996.5750954 340
1620715058.6863046 338
1620715120.7975597 341
1620715182.9085257 335
1620715245.0194778 329
1620715307.1304746 336
1620715369.2414603 333
1620715431.3524961 338
1620715493.4635212 339
1620715555.574553 332
1620715617.6856139 338
1620715679.7966459 342
1620715741.9077024 339
1620715804.018764 340
1620715866.1298327 336
1620715928.2408879 337
1620715990.3519292 341
1620716052.4630015 340
1620716114.57408 342
1620716176.6851723 342
1620716238.7962527 341
1620716300.9073365 340
1620716363.01845 335
1620716425.1295462 337
1620716487.2406647 336
1620716549.3517396 332
1620716611.4628427 334
1620716673.573946 334
1620716735.6850967 333
1620716797.7961888 334
1620716859.9073288 335
1620716922.0184715 337
1620716984.1296027 338
1620717046.2407207 338
1620717108.3518746 335
1620717170.463022 335
1620717232.5736516 330
1620717294.684334 332
1620717356.7950785 329
1620717418.905861 332
1620717481.0166533 331
1620717543.1275249 331
1620717605.238385 330
1620717667.3492832 330
1620717729.4601915 332
1620717791.5711112 334
1620717853.6820605 334
1620717915.7930315 333
1620717977.9040067 335
1620718040.015005 333
1620718102.1260054 332
1620718164.2370207 332
1620718226.3480456 332
1620718288.4590917 333
1620718350.5701547 332
1620718412.6812189 330
1620718474.792289 330
1620718536.9033673 332
1620718599.0144293 332
1620718661.125474 336
1620718723.236523 332
1620718785.3476052 335
1620718847.4586604 335
1620718909.5697584 335
1620718971.6808684 336
1620719033.7920258 335
1620719095.9031684 336
1620719158.014296 337
1620719220.1254153 337
1620719282.2368538 334
1620719344.3482614 331
1620719406.459642 330
1620719468.5709755 328
1620719530.6822822 328
1620719592.7935603 332
1620719654.9048462 334
1620719717.0160918 338
1620719779.1273203 335
1620719841.2385283 335
1620719903.3497274 337
1620719965.460902 336
1620720027.5720644 339
1620720089.6832178 336
1620720151.7943766 337
1620720213.905501 332
1620720276.0166035 330
1620720338.1276655 331
1620720400.238731 325
1620720462.3497367 331
1620720524.4607432 330
1620720586.5717504 328
1620720648.6827586 327
1620720710.7937527 329
1620720772.904713 329
1620720835.0156908 332
1620720897.1266768 328
1620720959.237631 329
1620721021.3485973 328
1620721083.4595547 329
1620721145.570523 330
1620721207.6814847 331
1620721269.792428 323
1620721331.9036436 328
1620721394.0148153 324
1620721456.1259425 329
1620721518.2370784 331
1620721580.3482134 330
1620721642.4593313 330
1620721704.5704327 330
1620721766.681522 332
1620721828.7925837 333
1620721890.9036417 330
1620721953.014707 325
1620722015.1257408 324
1620722077.2367656 325
1620722139.3477685 327
1620722201.4587693 326
1620722263.569727 328
1620722325.6806893 326
1620722387.7916455 325
1620722449.902592 327
1620722512.0135171 333
1620722574.124434 329
1620722636.2353716 330
1620722698.3462846 332
1620722760.457199 332
1620722822.5681162 333
1620722884.6790013 333
1620722946.7898877 334
1620723008.9007466 333
1620723071.011597 334
1620723133.1224327 329
1620723195.2332702 331
1620723257.3440893 332
1620723319.454911 330
1620723381.5653787 327
1620723443.6758423 327
1620723505.7863317 324
1620723567.8968666 326
1620723630.0074363 326
1620723692.1180189 326
1620723754.2286005 328
1620723816.3392103 332
1620723878.4498322 331
1620723940.5604477 331
1620724002.6710505 327
1620724064.7816606 327
1620724126.8923013 322
1620724189.002924 325
1620724251.1135314 323
1620724313.2241526 321
1620724375.3347776 324
1620724437.4453878 325
1620724499.555968 323
1620724561.6665614 327
1620724623.7771487 329
1620724685.887735 330
1620724747.9983373 330
1620724810.1089454 325
1620724872.219564 326
1620724934.330176 326
1620724996.440751 323
1620725058.5513353 325
1620725120.6619315 321
1620725182.772524 325
1620725244.8831396 327
1620725306.9936807 329
1620725369.104272 325
1620725431.2147524 323
1620725493.3252316 319
1620725555.4357493 322
1620725617.5462704 326
1620725679.6567843 328
1620725741.7672925 326
1620725803.8778057 329
1620725865.988308 329
1620725928.0988147 326
1620725990.2093184 325
1620726052.3198595 325
1620726114.4303942 323
1620726176.5409138 325
1620726238.6514482 330
1620726300.7619808 324
1620726362.8724973 329
1620726424.9830072 328
1620726487.0935044 324
1620726549.204041 326
1620726611.3145745 325
1620726673.4251032 327
1620726735.5356457 327
1620726797.6461692 328
1620726859.756743 323
1620726921.8673224 323
1620726983.977865 328
1620727046.0883992 330
1620727108.198934 328
1620727170.3094838 329
1620727232.4200397 329
1620727294.5305388 328
1620727356.6410542 329
1620727418.7515805 323
1620727480.8620844 323
1620727542.9725819 329
1620727605.0830755 330
1620727667.1935787 331
1620727729.3040736 327
1620727791.4145467 328
1620727853.525006 325
1620727915.635476 327
1620727977.7459128 326
1620728039.8563619 329
1620728101.966822 329
1620728164.0772817 328
1620728226.187725 328
1620728288.29816 332
1620728350.4085898 333
1620728412.5190039 330
1620728474.6293993 330
1620728536.7398083 329
1620728598.8502004 328
1620728660.9606092 327
1620728723.0709937 327
1620728785.1813803 326
1620728847.2917564 329
1620728909.4021356 330
1620728971.5125456 327
1620729033.6229305 326
1620729095.7333176 324
1620729157.8437064 324
1620729219.9540648 327
1620729282.0643942 324
1620729344.1746929 325
1620729406.2849648 326
1620729468.3951962 328
1620729530.5054262 328
1620729592.6156552 324
1620729654.7259076 322
1620729716.8361635 319
1620729778.9463818 323
1620729841.056617 324
1620729903.1668284 325
1620729965.2770221 322
1620730027.3872132 324
1620730089.4974227 324
1620730151.6076589 324
1620730213.7178786 325
1620730275.8280854 324
1620730337.9383042 325
1620730400.0485108 328
1620730462.1587272 325
1620730524.2690928 327
1620730586.3795302 328
1620730648.4899511 327
1620730710.6003366 325
1620730772.7107127 326
1620730834.8210795 322
1620730896.9314342 322
1620730959.041775 323
1620731021.152102 321
1620731083.262438 319
1620731145.3727715 322
1620731207.4830768 324
1620731269.59335 326
1620731331.7036307 325
1620731393.8139172 325
1620731455.924235 325
1620731518.0344594 325
1620731580.1447139 325
1620731642.2549722 326
1620731704.3652022 325
1620731766.4754143 326
1620731828.5856433 327
1620731890.6958935 326
1620731952.806168 327
1620732014.9164088 324
1620732077.026645 325
1620732139.1369154 325
1620732201.2471678 325
1620732263.357425 325
1620732325.4676828 323
1620732387.5779467 323
1620792697.3975964 405
1620792759.5102835 402
1620792821.6229446 402
1620792883.7355933 403
1620792945.848234 404
1620793007.9608724 400
1620793070.0735166 398
1620793132.1861753 398
1620793194.2988245 404
1620793256.4114778 403
1620793318.5241244 401
1620793380.6367319 402
1620793442.7493606 401
1620793504.8620002 400
1620793566.974634 402
1620793629.0872664 403
1620793691.1999059 401
1620793753.3125553 401
1620793815.4251761 400
1620793877.5378048 403
1620793939.6504598 402
1620794001.7631323 402
1620794063.8755212 401
1620794125.9878602 401
1620794188.1002357 403
1620794250.2126293 402
1620794312.324981 402
1620794374.4373412 400
1620794436.5496993 400
1620794498.6620593 400
1620794560.7744036 402
1620794622.8867428 397
1620794684.9990847 400
1620794747.1114264 400
1620794809.223742 400
1620794871.336056 400
1620794933.4483917 401
1620794995.5607226 401
1620795057.673049 400
1620795119.785364 402
1620795181.8976748 402
1620795244.009996 399
1620795306.1223075 402
1620795368.2346127 400
1620795430.3469274 402
1620795492.459241 399
1620795554.5715702 399
1620795616.6838746 402
1620795678.7961874 398
1620795740.9085066 399
1620795803.0208216 400
1620795865.1331487 398
1620795927.2454722 395
1620795989.357793 398
1620796051.4701161 397
1620796113.5828748 400
1620796175.695711 397
1620796237.8084774 398
1620796299.92121 396
1620796362.033875 398
1620796424.1465285 397
1620796486.2591076 398
1620796548.371654 398
1620796610.484152 396
1620796672.5966341 396
1620796734.709104 397
1620796796.8215714 397
1620796858.9339943 396
1620796921.0464222 398
1620796983.1588252 397
1620797045.2712212 396
1620797107.3835855 395
1620797169.4959378 396
1620797231.608261 395
1620797293.7205756 394
1620797355.8328693 397
1620797417.9451492 395
1620797480.0574179 392
1620797542.1696725 395
1620797604.2818954 396
1620797666.3941314 394
1620797728.5063615 395
1620797790.6185946 399
1620797852.730798 396
1620797914.843016 395
1620797976.955225 395
1620798039.0674095 395
1620798101.1795726 398
1620798163.291872 399
1620798225.4041896 400
1620798287.5164754 399
1620798349.628726 400
1620798411.7409637 401
1620798473.8531873 397
1620798535.9654086 400
1620798598.0775597 400
1620798660.1897182 397
1620798722.3018587 402
1620798784.413971 398
1620798846.5260756 397
1620798908.638141 398
1620798970.750205 397
1620799032.8622618 397
1620799094.974291 397
1620799157.0862749 398
1620799219.1982844 402
1620799281.31031 397
1620799343.4223201 402
1620799405.5343025 400
1620799467.646294 400
1620799529.7582712 401
1620799591.8702388 399
1620799653.9821732 399
1620799716.094119 398
1620799778.2060819 399
1620799840.318042 400
1620799902.430012 401
1620799964.5419776 400
1620800026.65398 397
1620800088.7659576 399
1620800150.8779202 401
1620800212.990368 400
1620800275.1028533 396
1620800337.215293 397
1620800399.3276696 399
1620800461.4400175 397
1620800523.5523431 396
1620800585.6646268 399
1620800647.7768962 400
1620800709.889148 399
1620800772.0013812 399
1620800834.113605 395
1620800896.2257845 394
1620800958.3379676 391
1620801020.4501424 397
1620801082.5622985 394
1620801144.674442 395
1620801206.786565 398
1620801268.8987074 395
1620801331.0108263 395
1620801393.1229436 393
1620801455.235068 391
1620801517.347179 392
1620801579.4592874 394
1620801641.5713747 395
1620801703.6834896 394
1620801765.7956073 388
1620801827.9077177 390
1620801890.019803 390
1620801952.1318872 390
1620802014.2439516 389
1620802076.3560176 392
1620802138.4680927 393
1620802200.580179 392
1620802262.6923084 393
1620802324.8044305 392
1620802386.9165063 392
1620802449.0286067 394
1620802511.140705 393
1620802573.2528067 391
1620802635.3649123 390
1620802697.4770045 391
1620802759.5891142 390
1620802821.7012167 390
1620802883.8133342 388
1620802945.925421 391
1620803008.037499 390
1620803070.149588 392
1620803132.261659 388
1620803194.3737352 389
1620803256.485811 388
1620803318.597861 388
1620803380.7099361 391
1620803442.8219285 388
1620803504.9339595 389
1620803567.0459409 387
1620803629.1579378 388
1620803691.269936 393
1620803753.381924 391
1620803815.4939115 388
1620803877.605873 391
1620803939.7178462 390
1620804001.8297958 388
1620804063.9417496 390
1620804126.05368 392
1620804188.1656125 393
1620804250.2775323 389
1620804312.3890946 389
1620804374.5006132 389
1620804436.612177 388
1620804498.7237399 390
1620804560.8353472 391
1620804622.9469576 387
1620804685.0585856 388
1620804747.1702175 391
1620804809.281879 390
1620804871.3935392 386
1620804933.5052154 383
1620804995.6168938 384
1620805057.728568 386
1620805119.8402202 384
1620805181.9518957 387
1620805244.0635614 387
1620805306.1752608 387
1620805368.2869287 387
1620805430.3986197 391
1620805492.5102875 388
1620805554.6219513 389
1620805616.733603 391
1620805678.845221 389
1620805740.9568658 388
1620805803.0685225 387
1620805865.1801474 385
1620805927.2917743 387
1620805989.403394 386
1620806051.5150547 385
1620806113.6266866 385
1620806175.7383156 384
1620806237.8499563 387
1620806299.9616022 384
1620806362.0734007 385
1620806424.1851864 385
1620806486.2969503 386
1620806548.408713 385
1620806610.5204487 384
1620806672.6321914 383
1620806734.7439194 384
1620806796.855653 384
1620806858.9673576 383
1620806921.0790498 382
1620806983.1907585 381
1620807045.3024802 383
1620807107.4142044 382
1620807169.5258982 382
1620807231.6376083 383
1620807293.7493007 383
1620807355.860975 384
1620807417.9726524 381
1620807480.0843449 382
1620807542.1960464 382
1620807604.3077378 381
1620807666.4194152 382
1620807728.5310915 384
1620807790.642762 383
1620807852.7544353 381
1620807914.8660977 382
1620807976.9778066 380
1620808039.089449 381
1620808101.201126 383
1620808163.3128018 380
1620808225.4244702 382
1620808287.5361059 379
1620808349.6477635 380
1620808411.7594266 379
1620808473.8711073 375
1620808535.9827662 378
1620808598.0944126 379
1620808660.2060382 381
1620808722.3177106 379
1620808784.4292996 377
1620808846.5409265 380
1620808908.6525557 381
1620808970.7641935 381
1620809032.8758512 380
1620809094.9874873 380
1620809157.0990963 379
1620809219.2107277 377
1620809281.3223574 378
1620809343.4339893 375
1620809405.5456223 376
1620809467.6572998 376
1620809529.7689803 376
1620809591.8806164 378
1620809653.992251 379
1620809716.1038666 380
1620809778.215486 381
1620809840.327092 382
1620809902.4386778 383
1620809964.5502877 379
1620810026.6618912 380
1620810088.7734735 380
1620810150.8850317 376
1620810212.996583 375
1620810275.1081512 375
1620810337.219677 373
1620810399.3311777 376
1620810461.4426658 374
1620810523.5541852 375
1620810585.665656 376
1620810647.7771206 379
1620810709.8885813 378
1620810772.000034 380
1620810834.111494 378
1620810896.2229257 378
1620810958.3343549 380
1620811020.4457955 379
1620811082.5572093 379
1620811144.6686091 380
1620811206.779993 380
1620811268.891379 375
1620811331.0027611 373
1620811393.1141355 374
1620811455.2252634 373
1620811517.336072 377
1620811579.4468737 377
1620811641.5577486 380
1620811703.668665 377
1620811765.7796428 377
1620811827.8906593 376
1620811890.0017033 379
1620811952.112783 375
1620812014.2238455 374
1620812076.3349466 376
1620812138.4460323 373
1620812200.5571523 372
1620812262.6682496 376
1620812324.7793636 372
1620812386.890459 375
1620812449.001583 374
1620812511.1127107 375
1620812573.2238448 375
1620812635.3349671 374
1620812697.4460938 376
1620812759.557209 375
1620812821.6683524 373
1620812883.7794805 371
1620812945.890656 371
1620813008.0018363 372
1620813070.1130052 374
1620813132.2241454 368
1620813194.3352928 372
1620813256.446437 372
1620813318.5576065 370
1620813380.6687546 366
1620813442.7799478 372
1620813504.891335 370
1620813567.0028648 374
1620813629.1143475 373
1620813691.225797 374
1620813753.3372235 371
1620813815.4486349 370
1620813877.5600123 373
1620813939.6713934 373
1620814001.7827594 375
1620814063.8941038 376
1620814126.0054374 376
1620814188.1167636 373
1620814250.2280838 373
1620814312.3394053 374
1620814374.4507253 373
1620814436.5620358 374
1620814498.6733253 375
1620814560.7846172 376
1620814622.8959188 375
1620814685.0071857 373
1620814747.1184707 374
1620814809.2297392 375
1620814871.3409882 371
1620814933.452228 370
1620814995.5634701 368
1620815057.6747172 371
1620815119.7859738 371
1620815181.897224 368
1620815244.0084574 371
1620815306.1196935 372
1620815368.23093 372
1620815430.3421428 372
1620815492.45338 372
1620815554.564714 373
1620815616.6760683 369
1620815678.7874093 371
1620815740.8987298 376
1620815803.0100412 376
1620815865.1213324 373
1620815927.2326176 371
1620815989.3438873 371
1620816051.4551494 372
1620816113.5663912 372
1620816175.6776204 370
1620816237.788861 369
1620816299.9000907 370
1620816362.0113149 368
1620816424.1225183 372
1620816486.2337112 371
1620816548.3449283 373
1620816610.4561253 376
1620816672.5673115 373
1620816734.678518 372
1620816796.7897055 371
1620816858.900869 372
1620816921.0120006 374
1620816983.1231396 373
1620817045.2342727 374
1620817107.345383 372
1620817169.4565034 373
1620817231.5676212 369
1620817293.6787388 370
1620817355.789831 371
1620817417.90091 371
1620817480.0119796 374
1620817542.1230226 372
1620817604.234156 374
1620817666.3453474 372
1620817728.456471 372
1620817790.5676186 371
1620817852.678734 372
1620817914.789832 369
1620817976.900933 373
1620818039.0120327 375
1620818101.1230962 374
1620818163.2341459 371
1620818225.3451838 374
1620818287.4562263 375
1620818349.5672512 375
1620818411.6782722 373
1620818473.7892797 371
1620818535.900293 369
1620818598.011319 368
1620818660.1223326 368
1620818722.2333663 367
1620818784.3443947 368
1620818846.455423 368
1620818908.5664299 368
1620818970.677437 368
1620819032.7884524 367
1620819094.8994584 366
1620819157.010477 362
1620819219.121512 362
1620819281.2325442 361
1620819343.343579 364
1620819405.4546063 368
1620819467.5656395 368
1620819529.6766534 365
1620819591.7876632 366
1620819653.898471 367
1620819716.009152 362
1620819778.1198485 364
1620819840.230583 365
1620819902.3413382 367
1620819964.4521275 367
1620820026.562939 368
1620820088.673768 369
1620820150.7846267 368
1620820212.8955002 370
1620820275.0063703 371
1620820337.1172657 367
1620820399.228138 365
1620820461.3390465 366
1620820523.4499807 365
1620820585.5609121 369
1620820647.6718326 368
1620820709.782759 367
1620820771.893692 369
1620820834.0046198 367
1620820896.115536 365
1620820958.2264643 366
1620821020.3374178 365
1620821082.4483848 367
1620821144.5593362 368
1620821206.6703174 368
1620821268.7812989 369
1620821330.892294 369
1620821393.0032551 368
1620821455.1142325 369
1620821517.2251933 367
1620821579.336135 367
1620821641.4470794 369
1620821703.5579271 368
1620821765.6686857 369
1620821827.7794783 369
1620821889.8902643 368
1620821952.0010653 363
1620822014.1118808 368
1620822076.2227392 367
1620822138.3336036 369
1620822200.4444668 368
1620822262.5553257 369
1620822324.6661863 368
1620822386.7770424 370
1620822448.8878667 366
1620822510.9987102 367
1620822573.1095805 367
1620822635.2204392 368
1620822697.331264 365
1620822759.4420996 367
1620822821.55295 366
1620822883.6637924 362
1620822945.7746325 371
1620823007.8854804 367
1620823069.9963417 366
1620823132.1072068 369
1620823194.2180388 372
1620823256.3288753 369
1620823318.43972 369
1620823380.5505643 369
1620823442.6614165 366
1620823504.772259 368
1620823566.8831046 369
1620823628.9939592 369
1620823691.1048012 368
1620823753.2157238 364
1620823815.326648 368
1620823877.4375224 368
1620823939.5483558 370
1620824001.659137 372
1620824063.7699382 370
1620824125.8807135 371
1620824187.9914684 372
1620824250.1022055 371
1620824312.2129354 370
1620824374.3236523 369
1620824436.4343367 370
1620824498.5450242 370
1620824560.6557097 372
1620824622.7663782 369
1620824684.8770251 368
1620824746.9877121 373
1620824809.0983064 370
1620824871.2089224 373
1620824933.3195422 372
1620824995.430174 370
1620825057.540823 370
1620825119.6514578 369
1620825181.7620473 372
1620825243.8726852 369
1620825305.983328 369
1620825368.0939507 371
1620825430.20457 372
1620825492.3152008 372
1620825554.425844 371
1620825616.5364783 370
1620825678.6471105 368
1620825740.7577534 370
1620825802.8685296 373
1620825864.9793868 370
1620825927.0902169 368
1620825989.2010193 370
1620826051.3118174 371
1620912821.3873289 397
1620912883.49789 396
1620912945.608462 393
1620913007.71907 397
1620913069.8296845 397
1620913131.9403439 401
1620913194.0510345 406
1620913256.161749 405
1620913318.2724676 408
1620913380.3832166 403
1620913442.4939585 404
1620913504.6046946 405
1620913566.7154238 407
1620913628.8261745 409
1620913690.9369252 407
1620913753.0477188 407
1620913815.1584995 410
1620913877.269296 416
1620913939.380099 416
1620914001.490886 415
1620914063.6016676 414
1620914125.7124438 414
1620914187.8232229 411
1620914249.9340065 405
1620914312.044774 408
1620914374.1556048 406
1620914436.2664025 409
1620914498.3771906 412
1620914560.4879568 413
1620914622.5987232 409
1620914684.7094622 408
1620914746.8201733 410
1620914808.9308467 406
1620914871.0415697 404
1620914933.153819 407
1620914995.2659225 406
1620915057.3778782 402
1620915119.4897244 404
1620915181.6014602 404
1620915243.7131062 406
1620915305.8246539 401
1620915367.9361107 402
1620915430.0475292 400
1620915492.158912 401
1620915554.270246 399
1620915616.3815548 401
1620915678.4927614 399
1620915740.6039817 399
1620915802.7151775 402
1620915864.8263667 400
1620915926.9375527 398
1620915989.0487208 400
1620916051.1598713 403
1620916113.2709768 402
1620916175.3820891 401
1620916237.4932039 397
1620916299.6043108 398
1620916361.7153795 400
1620916423.8264766 397
1620916485.9375703 396
1620916548.0486317 400
1620916610.1596828 400
1620916672.2707396 397
1620916734.3818078 399
1620916796.4928565 399
1620916858.603926 398
1620916920.715033 399
1620916982.8263013 401
1620917044.93757 398
1620917107.0487852 399
1620917169.1599894 401
1620917231.2711778 403
1620917293.3823674 402
1620917355.4935567 406
1620917417.6047306 404
1620917479.7159061 403
1620917541.8270712 402
1620917603.9382343 405
1620917666.049432 405
1620917728.1606154 407
1620917790.27181 408
1620917852.3829997 409
1620917914.4942005 408
1620917976.6054387 408
1620918038.7166562 414
1620918100.8278794 408
1620918162.9391003 419
1620918225.050344 416
1620918287.161564 419
1620918349.2727888 416
1620918411.384064 418
1620918473.4952826 416
1620918535.6065402 419
1620918597.717791 419
1620918659.8290553 417
1620918721.9403374 418
1620918784.0516164 416
1620918846.1628766 412
1620918908.2741234 415
1620918970.3850155 413
1620919032.4922776 416
1620919094.5999236 413
1620919156.7079742 415
1620919218.8162453 415
1620919280.9248118 415
1620919343.0336146 416
1620919405.1426513 415
1620919467.251898 412
1620919529.3612852 413
1620919591.4708498 415
1620919653.5805638 416
1621006424.1598446 439
1621006486.2740004 441
1621006548.3881204 437
1621006610.5022347 437
1621006672.6163106 436
1621006734.7303805 435
1621006796.844427 438
1621006858.9584444 435
1621006921.072452 434
1621006983.1864545 434
1621007045.3004234 436
1621007107.4143791 434
1621007169.528342 436
1621007231.6423028 434
1621007293.756286 435
1621007355.8702433 434
1621007417.9842036 434
1621007480.0981731 435
1621007542.212171 431
1621007604.326165 432
1621007666.4401965 432
1621007728.5542016 432
1621007790.6682131 433
1621007852.7822177 434
1621007914.8962474 432
1621007977.0103621 431
1621008039.124488 430
1621008101.2385566 432
1621008163.352758 431
1621008225.4671774 433
1621008287.5816197 434
1621008349.6960568 434
1621008411.8104854 434
1621008473.9248867 435
1621008536.0393004 433
1621008598.1537225 431
1621008660.268186 427
1621008722.3899524 429
1621008784.5131629 428
1621008846.63742 356
1621008908.752314 387
1621008970.8715596 398
1621009032.986548 404
1621009095.1089444 400
1621009219.357785 405
1621009281.472967 410
1621009343.5883512 410
1621009405.7036133 410
1621009467.8189776 411
1621009529.93436 405
1621009592.04963 410
1621010585.936479 399
1621010648.0517209 407
1621010710.1707108 408
1621010772.3332279 409
1621010834.5849833 407
1621013009.6548955 410
1621013071.801784 409
1621013258.201067 415
1621013320.3264437 413
1621013382.4496546 411
1621013444.57286 407
1621013755.1883998 411
1621013817.3194482 408
1621013879.4429076 413
1621013941.5654705 413
1621014065.812954 412
1621014127.9368002 408
1621014190.0605288 403
