1620594677.958366 1023
1620594850.172542 632
1620594850.2142034 732
1620594852.564115 1023
1620594852.6886146 1023
1620594852.7096195 1023
1620594852.7823715 730
1620594852.8033206 1023
1620594852.8346815 1023
1620594852.86605 1023
1620594854.0565164 1023
1620594854.1189058 1023
1620594854.4089756 1023
1620594854.4610302 1023
1620594854.523429 1023
1620594854.5444436 1023
1620594854.5654452 1023
1620594854.5864568 1023
1620594854.6178057 801
1620594854.659454 1023
1620594854.7011402 1023
1620594867.9961078 668
1620594868.037955 1023
1620594868.1006603 621
1620594868.1217077 1023
1620594868.1740727 1023
1620594868.2679455 802
1620594868.299405 745
1620594868.3308704 1023
1620594868.3935623 1023
1620594868.4146676 995
1620594868.466917 817
1620594868.5087633 1023
1620594868.5714698 1023
1620594868.6029644 1023
1620594868.6552854 710
1620594868.7075405 1023
1620594868.7494438 606
1620594868.770498 712
1620594868.8019497 1023
1620594868.8750534 701
1620594868.9272997 1023
1620594868.9692082 644
1620594869.1462383 626
1620594869.1673014 1023
1620594869.333981 1023
1620594869.4902604 846
1620594869.5425067 1023
1620594869.6259987 746
1620594869.6678357 718
1620594869.6889064 1023
1620594869.7412133 1023
1620594869.7727184 848
1620594869.8041637 982
1620594869.866809 607
1620594869.8878536 660
1620594869.919303 819
1620594869.9611633 774
1620594869.982212 1023
1620594870.0033185 601
1620594873.2783399 792
1620594873.2993803 1023
1620594873.3308764 1023
1620594873.4662817 1023
1620594873.518542 1023
1620594873.6539588 1023
1620594873.6958518 620
1620594873.7376862 802
1620594873.7795117 631
1620594873.8005636 897
1620594873.8319817 701
1620594873.8738005 1023
1620594873.9260967 1023
1620594873.988756 1023
1620594874.0202355 1023
1620594874.062105 900
1620594874.2286572 769
1620594874.270492 837
1620594874.343516 639
1620594874.395728 1023
1620594874.4272158 1023
1620594874.5002527 1023
1620594874.6668205 721
1620594874.8021646 1023
1620594874.8962584 713
1620594875.0004232 716
1620594875.0526543 1023
1620594875.084137 1023
1620594875.1052108 728
1620594875.1366816 743
1620594875.1888423 731
1620594875.230654 1023
1620594875.2725992 1023
1620594875.304033 1023
1620594875.3251057 1023
1620594875.4293318 1023
1620594875.4712067 837
1620594875.513052 744
1620594875.5340774 1023
1620594875.565568 751
1620594875.6385443 1023
1620594875.7011964 1023
1620594875.763847 642
1620594875.8264441 823
1620594875.8890574 632
1620594875.9620516 608
1620594876.0246515 719
1620594876.0560734 695
1620594876.0875134 1023
1620594876.1085882 768
1620594876.1296318 728
1620594876.1506803 1023
1620594876.192518 1023
1620594876.2655554 1023
1620611574.352447 1023
1620611604.8661506 1023
1620611758.0064042 750
1620611758.2239792 1023
1621009293.3765588 1023
1621009632.8008633 1023
1621009632.90466 1023
1621012992.3989751 1023
1621012992.7822978 1023
1621012992.9275057 631
1621012992.948451 1023
1621012993.0108612 1023
1621012993.0629172 1023
1621012993.1563842 610
1621012993.198037 1023
1621012993.312233 609
1621012993.3331766 660
1621012993.3748302 1023
1621012993.5511239 743
1621012994.1518364 978
1621012994.2245297 1023
1621012994.3490632 727
1621012994.3803606 1023
1621012994.5980103 637
1621012994.6293094 696
1621012994.6816149 1023
1621012994.7129862 1023
1621012994.7960842 728
1621013010.8043365 1023
1621013010.918498 1023
1621013010.9602165 803
1621013024.6783578 872
1621013025.5898538 1023
1621013026.1080253 1023
1621013026.2118425 1023
1621013029.337422 773
1621013072.3920903 1023
1621013073.6863184 840
1621013073.7176304 725
1621013073.7489452 1023
1621013076.6172736 1023
1621013081.1223998 1023
1621013086.4678545 1023
1621013098.9414024 1023
1621013098.9831042 661
1621013099.076512 1023
1621013100.5776207 685
1621013101.6025796 1023
1621013103.3419867 758
1621013107.2134411 1023
1621013108.9839358 1023
1621013109.3568604 1023
1621013109.3882124 1023
1621013109.429918 1023
1621013109.5026734 1023
1621013109.5857785 836
1621013109.7723374 1023
1621013109.9382324 1023
1621013112.0087206 688
1621013112.5161448 1023
1621013112.6303196 1023
1621013115.1564198 1023
1621013115.560441 1023
1621013116.2542899 1023
1621013116.875691 1023
1621013117.7351441 891
1621013117.8078413 695
1621013118.4188426 1023
1621013119.195541 1023
1621013119.2993429 667
1621013120.2208269 1023
1621013120.355694 1023
1621013122.7575915 1023
1621013122.9752626 1023
1621013123.1825755 1023
1621013123.3795495 1023
1621013124.2183032 1023
1621013124.6637094 824
1621013127.303683 1023
1621013127.6041572 614
1621013127.656179 1023
1621013130.4098406 1023
1621013131.0933502 1023
1621013131.2178645 1023
1621013131.3216927 1023
1621013131.3944726 1023
1621013132.3366864 1023
1621013151.2916179 1023
1621013151.7577505 660
1621013153.1866372 1023
1621013156.830903 1023
1621013263.853395 761
1621013263.9157877 737
1621013263.9366863 1023
1621013263.9887438 1023
1621013264.0511765 1023
1621013264.082527 1023
1621013264.10354 1023
1621013883.0767307 1023
1621013883.325495 1023
1621013900.6118164 1023
1621013901.1814628 1023
1621014122.791698 1023
1621014124.9139848 1023
1621014128.3407001 1023
